000000111111111111111110000000000000111111110011110000000000000000000011111111111111111111111110000000000000000000000000000011111111111111111111100000000000000000
000000011111111111111000000000000111111101111111111100000000000000000011111111111111111111111110000000000000000000000000000011111111111111111111111000000000000000
000011111111111001111110000000000011111111111111100000000000000000001111111111111111111111111111110000000000000000000000000000111111111111111111000000000000000000
000001111111111111111110000000000001111111111111100000000000000000000001111111111111111111111110000000000000000000000000000111111111111111111111100000000000000000
000000011111111111111110000000000111111111111111111100000000000000011111111111111111111111111111000000000000000000000000000011111111111111111111100000000000000000
000000111111111111111100000000000011111111111000111100000000000000001111111111111111111111111110111000000000000000000000000001111111111111111110000000000000000000
000000011111110001111111000000000111111111111111111100000000000000001111111111111111111111111100000000000000000000000000001111111111111111111111111100000000000000
000000111111111111111111100000000000111111111111100000000000000000000111111111111111111111111110000000000000000000000000000011111111111111111111100000000000000000
000001111111111111111111000000000111111111111111111000000000000000111111111111111111111111111111110000000000000000000000000000111111111111111100000000000000000000
000011111111111111111111000000000000111111111111100000000000000000000111111111111111111111111111000000000000000000000000000011111111111111111111000000000000000000
000001111111111111111111000000000000000011110000000000000000000000000000111111111111111111110000000000000000000000000000000001111111111111111111110000000000000000
000001111111111111111111000000000000111111111111100000000000000000001111111111111111111111111111111000000000000000000000000000000111111111110000000000000000000000
000001111111111111111111000000000000011111111110000000000000000000000111111111111111111111111111000000000000000000000000000000011111111111111100000000000000000000
000001111111111111111111100000000000000011111100000000000000000000000001111111111111111111110000000000000000000000000000000011111111111111111111100000000000000000
000001111111111111111111000000000000000011111000000000000000000000000000011111111111111111111100000000000000000000000000000011111111111111111111100000000000000000
000001111111111111111111000000000011111111111111111000000000000001111111111111111111111111111111111100000000000000000000000000000001111111000000000000000000000000
000110001111111111111110000000000000011111111111000000000000000000000111111111111111111111111111110000000000000000000000000000000011111111111100000000000000000000
000000111111111111111111000000000000000011111100000000000000000000000001111111111111111111111110000000000000000000000000000001111111111111111000000000000000000000
000000111111111111111111000000000000000001111000000000000000000000000000011111111111111111110000000000000000000000000000000111111111111111111111000000000000000000
000001111111111111111110000000000000000111111000000000000000000000000001111111111111111111111100000000000000000000000000000000011111111111111111000000000000000000
000011111000111111111100000000000000111111111111000000000000000000000001111111111111111111111111000000000000000000000000000011111111111111111111000000000000000000
000011111000011111111100000000000001111111111111000000000000000000000011111111111111111111111100000000000000000000000000000001111111111111111111110000000000000000
000011110000001111111110000000000001111111111110000000000000000000000011111111111111111111111100000000000000000000000000000000111111111111111000001110000000000000
000001111100000001111110000000000000111111111111110000000000000000001111111111111111111111111111110000000000000000000000000011111111111111111111000000000000000000
000010111000000111111110000000000001111111111111100000000000000000111111111111111111001111111111110000000000000000000000000000000001111111111110000000000000000000
000000011111000111111000000000000000111111111111111000000000000000011111111111111111111111111111000000000000000000000000000000001111111111111111000000000000000000
000000111001111111111100000000000001111111111111000000000000000000000011111111111111111111111100000000000000000000000000000011111111111111111111000000000000000000
000000011111110001111100000000000010000111111100000000000000000000000000111111111111111111100000000000000000000000000000011111111111111111001111111000000000000000
000001111110000000001111100000000000011111111111100000000000000000000111111111111111111111111110000000000000000000000000011111111111111000011111111110000000000000
000001111000000001111111000000000000011111111110000000000000000000001111111111111111111111111110000000000000000000000000011100000111111111011111100000000000000000
000001111000011100000011100000000000000111111111000000000000000001111100000000011111111111111110000000000000000000000000000011111111111111111111100000000000000000
000011100011111110001111000000000000011111111111000000000000000000000111111111111111111111110000000000000000000000000000000011111111111111111111111110000000000000
000011100011111000011110000000000000001111111110000000000000000000000001111111111111111111100000000000000000000000000000000011111111111111111110111111000000000000
000001110111111100000111100000000000011111111111100000000000000001111100000001111111111111111111000000000000000000000000000111111111111111111100101000000000000000
000000111111111110001111000000000001111111111111000000000000000000001111110001111111111111111100000000000000000000000000000111111111111111111111111100000000000000
000011000000111000111110000000000001111111111111100000000000000000000011111000111111111111111000000000000000000000000000000011111111111111111000010011000000000000
000000111111111100000111000000000000001111111111000000000000000000000001111111111111111111111000000000000000000000000000000111111111111111111011100000000000000000
000011111101111111111110000000000000011111111111100000000000000000001111111111111111111111111110000000000000000000000000000111111111111111111111111000000000000000
000011100000111111001111000000000000011111111111000000000000000000000000111111111111111111111000000000000000000000000000001111111111001111111000111110000000000000
000001111111111100000011100000000001111111111111100000000000000000000000001111111111111111111100000000000000000000000000111111111000111111111111111000000000000000
000001110001111111000000000000000000011111111110000000000000000000000000000111111111111111111000000000000000000000000000000011111111111111111111100000000000000000
000000011111111110000000000000000000011111111100000000000000000000000000000111111111111111100000000000000000000000000000011111111111111111111111000000000000000000
000000011111111100000000000000000011111000001111100000000000000000000000000111111111111111110000000000000000000000000000111100001111111111111111111110000000000000
000000001111111110010000000000000000011110111111100000000000000000000000011111111111111111111100000000000000000000000000000111111111111111111111100000000000000000
000000011111111111100000000000000001111000111111000000000000000000000000011111111111111111111100000000000000000000000000000011111111111111111111111000000000000000
000000011110111111111100000000000011111000001110000000000000000000010000011111111111111111111100000000000000000000000000000011111111111111111111110000000000000000
000000111111111111110000000000000001111110000011100000000000000000000000111111111111111111111110000000000000000000000000000001111111111111111111110000000000000000
000000000111111111100000000000000001111111111111110000000000000000000001111111111111111110100100111000000000000000000000000001111111111111111110000000000000000000
000000000111111111011100000000000001110000011100000000000000000000000000001111111111111111111110000000000000000000000000000011111111111111111111110000000000000000
000001000111111111111000000000000000011111111111111000000000000000000001111111111111111111111110000000000000000000000000000000011111111111111111000000000000000000
000000011111100100000001110000000000011111111111000000000000000000111100101101111111111111111110000000000000000000000000000000111111111111111100000000000000000000
000000111001111000000111100000000001111111111111110000000000000000000000111111111111111111111100000000000000000000000001111111111111100111111111111110000000000000
000001111100000000011111000000000000101111111111111000000000000000000111111100111111100111111111111100000000000000000000000001111111111111111100000000000000000000
000011100001111000001111000000000000001111111110000000000000000000000011111111111111111111111110000000000000000000000000000011111111110111001111111000000000000000
000011100001001110011111000000000000001111111110000000000000000000000011111111111111111001111111111000000000000000000000000011111111111111111111000000000000000000
000000111101011111000111000000000001111111111111111000000000000000111000000011111111111111111000000000000000000000000001111100111111111111111111000000000000000000
000000111110001110000110000000000001111111111100000000000000000000001000111111111111100111111111111000000000000000000000000000111111111111111110000000000000000000
000000001110111101111100000000000000011111111110000000000000000000000011111111111111111111111111000000000000000000000000000000111111111111111100000000000000000000
000000111000000111100111000000000001111111111111110000000000000000000000111111111111111111110000000000000000000000000000111111111110011111111111111000000000000000
000001111000011111100111100000000000001111111110000000000000000000001110111111111111111111111111000000000000000000000000000000111111111111111110000000000000000000
000000000010111111111100000000000000011111111111100000000000000000000001111111111111111111000000000000000000000000000000000011111111111111111100000000000000000000
000000000001111111111100000000000000011111111111100000000000000000000000111111111111111111100000000000000000000000000000000001111111111111111111100000000000000000
000001111100011111111110000000000000001111111111000000000000000000000001111111111111111111111111110000000000000000000000000000111111111111111100000000000000000000
000000000001111111111100000000000000111111111111100000000000000000000011111111111111111111101000000000000000000000000000000000011111111111111000000000000000000000
000000000011111111111000000000000001111110111111111000000000000000000000111111111111111111111000000000000000000000000000000011111111111110000110100111100000000000
000000000011111111111110000000000000011111111111000000000000000000000000011111111111111111110000000000000000000000000000000000111111111111111111111000000000000000
000011100110100111111100000000000000001111111110000000000000000000000000111111111111111111011111100000000000000000000000000011111111111111111111000000000000000000
000000000001111111111000000000000000111111111111110000000000000000000011111111111111111111110000000000000000000000000000000000111111111111111000000000000000000000
000000000000011111111100000000000000111111111111100000000000000000000000111111111111111111011100000000000000000000000000000111111111111001111111110000000000000000
000000000000011111111000000000000000111111111101111100000000000000000001111111111111111111100000000000000000000000000000011111111111111111111111110000000000000000
000000011111000000000111100000000000111111111111110000000000000000111111110110111111111111111110000000000000000000000000000001111111111111111111110000000000000000
000000001111100000000000000000000000111111111110000000000000000000000111011111111111111111111000000000000000000000000000001111111111111111111111110000000000000000
000000011111111111111111100000000000111111111111000000000000000000101111111111111111111111111000000000000000000000000000000000011111111111111111111000000000000000
000000011111111000000000010000000010001111111111110000000000000000001111111111111111111111111110000000000000000000000000000011111111111111111111110000000000000000
000000111111110000111100000000000011100001111111110000000000000000000000000111111111111111110000000000000000000000000000011111111111111101111111111111000000000000
000000001111101000000000000000000000011111111111111000000000000000000000001111111111111111111110000000000000000000000000000001111111111111111111111111000000000000
000000011111111100000000000000000000111000111111000000000000000000000001111111111111111111111100000000000000000000000000001111111111111111111111110000000000000000
000000011100001111000000000000000000111111111111000000000000000000000000111111111111111111111100000000000000000000000000000011111111111111111111110100000000000000
000000111110000111100000000000000000000111111110000000000000000000000000111111111111111111111000000000000000000000000000000111111111111111111111111111000000000000
000000111010111111100000000000000000001111111110000000000000000000000001111111111111111111111100000000000000000000000000000001111111111111111111100000000000000000
000000111111111101110011100000000000111111111111110000000000000000111111111111111111111111111111100000000000000000000000000011111111111111111111000000000000000000
000011111001111100111111000000000000111111111111110000000000000000000011111111111111111111111110000000000000000000000000001111111111111111111111111100000000000000
000001111111101111111111100000000000111111111100000000000000000000001111111111111111111111111111000000000000000000000000000011111111111111111111100000000000000000
000001111111110111111111100000000000001111111111000000000000000000000001111111111111111111111111000000000000000000000000011111111111111111111111100000000000000000
000011111111111111111111000000000000011111111100000000000000000000000111111111111111111111111100000000000000000000000000000001111111111110111111111100000000000000
000000111111110111011111100000000000011111111111000000000000000000001111111111111111111111111100010000000000000000000000000111111111111111111111111000000000000000
000000111111111110111111100000000000011111111111110000000000000000011000001111111111111111111111100000000000000000000000000100000111111111111110000000000000000000
000000111111111111111100000000000001111111111111011100000000000000000111111111111111111111111111111000000000000000000000000001111111111111111111100000000000000000
000000011111111110010011100000000001111111111110000000000000000000000001111111111111111111001000000000000000000000000000001111111111110000011111111000000000000000
000001111111111111111111000000000001111111111111100000000000000000000011111111111111111111111110000000000000000000000000011111111111111111111101111100000000000000
000000111111111111000000000000000011111111111111100000000000000000000011111111111111111111111111000000000000000000000000000001111111111111111111100000000000000000
000000011111111111110000000000000001111111111111100000000000000000000011111111111111111111111100000000000000000000000000000001111111111111111111000000000000000000
000000111111111110011001000000000011111000011111000000000000000000000000001111111111111111111000000000000000000000000000111111111111111111111111111100000000000000
000000011111111110000000000000000001111111111111000000000000000000000000011111111111111111111100000000000000000000000000001111111111111111111111110000000000000000
000000111111111111100000000000000011111111111111110000000000000000000001111111111111111111111110000000000000000000000000000011111111111111111111110000000000000000
000000011111111100000000000000000000011111111111100000000000000000000010101111111111111111111110000000000000000000000000000000111111111111111111000000000000000000
000000111111111110000000000000000000001111111111000000000000000000000011011111111111111111111110000000000000000000000000000001111111111111111110000000000000000000
000000111100111111110000000000000000111111111111100000000000000000000000011111111111111111111100000000000000000000000000000001111111111111111111100000000000000000
000000011111111111100000000000000001111111111111111000000000000000000111111111111111111111111111000000000000000000000000000000111111111111111110000000000000000000
000000111111111110000000000000000000011111111111100000000000000000001101110111111111111111111110000000000000000000000000000000011111111111111100000000000000000000
