000011111000011100000111111010001110001111100000011110001111010000011110001110000000001110011111100000011110011111100000100110001111111111011100001111111111110100000111111111111100000111110000111000000111100001111000
111100000000000111011100000000000111011100000000000111011110000000011111001111000000001110001111100000001110000111110000001110000111100000011110000111000000111110000111000001111111001111000001111111001110000000001111
001111111110001100011000000001001110111000001000011111111000110000000111111111100000000011011111000000000011001111000000000111000111000000111110000111100001111100000011111000111100000011110000111100000111000011111110
000111111111111000000111101111111000000111111111111000000111111111111100000111111111100100001111111111111110001110000011111100001110000011111110000111000011111110000011100011111100000011110011111100000011110011111100
001111111000000111000011111110000011000000111111100111000000001111111110010000000011111110011000000000011110001110000000111110000111000000111110000111000001111100000111100001111100000111000001111100001100000011111110
001011111111000111010001111111100001010000111111101000100000011111110100011010100111111000011111000011110000001111101101110000000111111111111100000011100001111100000111100001111000000111000011111100001100000111111100
011100000000001110011100000110011110011000001111111100000000000111111100000000000011111100011000000001111100011100000001111100001110000001111110001100000001111111001100000000111111001110000000011111001110000000111111
000111000001111100001111001000011110001000111110011110000000000011111111000110000001111111001011000000111111011100010000011111001100110000001111001011100100001110000110010011111100000111000001111100000111100001111000
011000100000001110010010000000000111101010011000000011111101110000000011111111100000000001111111000000000011011111100100000111000111111110011110000011100011111100000011100001111000000011100001111000000111000111111110
000111100000011100001110000000011100011000000000111110010000000011111110011000000000111100011100000011001000011010000100010101011100011001111111001100000110111110001100000111111100000111000000111000000111100001111100
000000001110000000000000111111000000000001111111110000000111111111111000001111111111111100001111011111111000011111111111111000001111111111111000000111111111111000000011111111111000000001111111110000000000011111100000
000011111111111000000111111111111000001111111111011000011111110111000000011111100110110000011111100111110000011111110111100000000111111111111100000001111111110000000000111111000000000000011111000000000000111111100000
000000111111110000000001111111111000000011111111111100000111111111111110001111011101011100011011011100011000011111111101111000000111111111101000000011111111111000000001111111100000000000111111000000000000111111000000
000000011111100000000000011111100000000000111111110000000011111111111000000011101111111110000011000111111110011111000011111110001111100011111110000111110111111110000011111111111100000001111111111000000000111111100000
000000011111000000000000111111100000000001111111111000000011111111111100000111111111111110001111111110111111011111011100111111001111111111111110000111111111111110000011111111111000000001111111110000000000111111100000
000111110111111100011110000000110011111100010001001001110000101010000000110010010011000110111001111100001100011111111110011100000011111111111000000000111111100000000000011111000000000000011111100000000001111111111000
000011111111110000000111111111111000001111111010011100001111110010001000001111110001001000011111100101010000001111111111100000000111111111110000000001111111110000000000111111000000000000011111000000000000011111100000
000000011111100000000001111111111000000011111111111100001111111111111110001111011011111110011110011111111110011100011111111100000111111111111100000011111111111000000001111111100000000000011111000000000000001110000000
000000001111000000000000011111000000000000111111110000000001111111111000000111111111111000001111110111111100011111000011111110011111000011111110001111001111111110000111111111111100000011111111110000000000111111100000
000000011111000000000001111111100000000011111111111000000111111111111100001111110111111100011011111111111100011111101111111000001111111111111100000011111111111100000001111111111000000000111111100000000000001111000000
000110011111111000000100001111001100001100011111000110001101111110000100001111111110000001001111101110000001001111001110000011000111011111000011000011111111100110000001111111111100000011111100111000000001111001111000
000100111111111000000000001111111000001000000111111100001100011110111100001100111100001110001111111100000110001110011100000011001111111110000000000111111111000000000111111111100000000011111111111000000011111111111000
001111001111100000001111111101110000011100111111111000011100111110000000011001111000000000011101111000000000001111111100000001001111111110000000000111111111000000000011111111100000000001111111110000000000111110011100
000000111111111100000000011111111100000000000111111100000111000011111110001111010000011111011111110000000111001111100000000111001111000100000111000111001111000100000000001111000000000000111111110000000001111111111000
000000001111111000000000000011110000000000000111111100000000011100011111000011111000001111001111111000000111001111111000000111000001111000000110000000111110001100000000011111011000000000111111110000000001111111111000
000001111110000111000001111111011100000000111111111000000000011111110000000000011111111000000111111001111110000111111000111110000001111100011100000000111100011100000001111111111100000011000111111000000100001111111100
000100011111111000000000001111111100000000000011111100000000001110111100001000001111111110001100001111100110000110011111000000000011111111100000000011111111110000000011111111111000000001111111111000000001111111111000
000000111111100000000001111111110000000011111111111000000111111111111000000111111111111100001111110001111100001111000000011110001110000000001110001110000000000110001110111100000111000000011100000011000000011110000000
000001111111111000000111111111111000000011111111011100000011111111111110000111000001111111001110000000011111011100000000001111011100000000000111000001111000000111000000111100000011000000111110000000000001111111100000
000000111111110000000000011111111000000000111111111100000001110001111110000111100000011111001111000000001111011111000000000111011111100000000111000001111000000110000000111100001100000000011110011000000000111111110000
000000011111111000000000011111111100000000011111111110000000011111111111000000011110001111000000001110000111010000001110000111000000000111000111001000000111000110001100000111001110000110011111011000000011111111110000
000000111111110000000000111111100000000000011111110000000000001111111000000000001111001100011000001111000111011100000111000001001110000111110000001111000001111000001111110001111000000111111111110000000011111111100000
000000111111110000000000011111100000000010001111110000001100000111111000001100000111001100011100000111000011011100000011100000011110000011110000001111100001110000000111110001110000000111111111100000000011111111100000
000000111111111000000000111111111000000000011111110000000000011111111111000000011110011111000000001110000111011000001100100011001000000001110011001100000011110000001110000111110000000111111111110000000011111111111000
000000011111111000000000011111111000000000111111111000000000111111101100000000011111100100010000011111111010011100011100011100001100001100001111001100001111001110001100011111001000000100011111100000000101111111000000
000000111111111100000000000111111000000000000111111000011000000111111100011000001111100010011100000111000011011111000011000000011111100011100000001111111101100000001110000011110000001110000111110000000111001111110000
000001111111111000000000111111110000000000111111111000000000111111111000000000011111110000000000011111101100010000001111001110001000000111101111001100000111110110000110000011110110000111000011111000000111111111111000
000011111111111000000001111111111000000000111111111000000000111111111000001000001111111100001110001110001111011110001110000111001111001111100011000111101111110000000011111111110000000011111111110000000001111111111000
000011111111111000000001100111110000000011001111111000000100111111110100000001111111100110001000111111000011011000011111000000011100001111000000011110000111100000001011000011100000001100110011100000000111001111110000
001111000111111000000111101111111000000011111111111100000001111111111110000000111111010111000000011111111111010000001111111111000000000111111111000000000111111111000000000110011111000000011100011111000000111100011110
000001111111100000000001111111110000000001111111110000000001111111110000000001111111110000000000111111100001000000111111100001000000111111000011000000111110001110000011111100111100000011111000111000000001110011111000
000001111111100000000000111111100000000000111111110000000001111111111000000001111111111000000000011111111000000000001111111100000000001111111100000000001111111100000000001111111100000000111111111000000001111111111000
011100000000111100001111000001111100000011110111111000000001111111110000000000111111100000000000011111110000000000001111110000000000000111111000000000001111111000000000011111111000000000111110001001000111111000000011
000011110111111000000001111111111000000001111111100000000001111111110000000000111111111000000000011111111100000000001111111000000000001111110000000001111111000000000011111110001100000011111000011100000011111000011100
001111000011110000000111111111111000000111111100110000000011111111100000000011111111110000000001111111100000000000111110000000000000111110011110000001111111111000000011111111000010000011111110000110000001111000001110
011110000001110000000111100001111000000000111101101110000001111111001100000011111111111000000001111111110000000000111111000000000000011110000000000000111111000000000001111111100000000011111100111110000001110000001110
000111110000011100000111111100111100000100001111100110000100011111111000000011111111111100000011111100001110000001111100100110000000111111111000000000111111111000000001111110111100000011111000011100000111100000111100
000111111000111100000111111000111110001111111010010000001111111111100000000111111111000000000011111100000000000001111100100000000001111111110000000011111111100000000001111110111000000000111000011100000001111100011100
000110000011100000000111001111110000000011111111111000000011111110000000000011111110000000000001111111000000000000011111110000000000011111111000000000011111111110000001111111111000000011111111100100000001111110000110
000011111110000000000011111111000000000011111111110000000011111111111000000011111110111000000001111111111000000000111111110000000001111111000000000011111100000010000001110000011100000011111000111000000111111111111000
000000111111110000000000111111111000000000111010111110000000111001011111000000011001111111000000010001111110000000000000111110000000000001111100000000000111111000000001001111111000000001111111110000000000111111110000
000111111111111000000011111111111100000011111111110000000000011111100000001000001111001110001000000111000111011000000011000111011000000001101111000100000000111111000000000001111111000000001111111111000000011111111110
000000011111000000000000001110000000111000001110000000110000001110000000111000001110001110011100000000000111011110000000000111001111000000011100000111111000111000000111111111110000000001111111110000000000111111110000
000001111111100000000000011111100000000000011111100000000000010111100000000000000011100000011100000011100001011100000011000000011100000001000001001110000011000011000111100000000111000111100000001110000001111000011000
000001111111100000000000111111100000000000111111000000000000011100000000011000011100000000011100011100000001011110000000000001001110000000000011001111100000011110000111111000111100000011111111111000000001111111110000
000011111111111110000011111111111000000001111111110000000000111111000000000000011110001100000000111100000111010000011100000111000000000000011110000000000000111100000000000001111100000000000111111100000000001111111100
000111111111100000000111111111000000000111111110000000000111111100000000000001111100000010010000111100000111011000011100001110001100001100111100000111000101111000000011100011111000000001111111111100000001111111111100
000001111111110000000011111111110000000001111111110000000001111111100000001110001111000110001110001111001110000111001111011100000111110111111000000011111111110000000011111111110000000001111111110000000001111111110000
001111000000111110000111111111111100000111111111110000000011111111100000000011111100001100000001111000000111000001110000000011010001110000000111110000000000011111110000000000111111010000000001111111011000000000001110
000000111111100000000000111111000000000001111111000000000011111111000000000001111110000000000001111110000011000000111110000111001000011110000110000110001110001100000011000111111000000001100011110000000001111111100000
000011111111111100000011111111111100000111111111111000000111111111110000001111111111100000001111111111000000000111111110000000000111111110000000000111111110111000000111111111110000000110011111110000000110011111110000
000001111111111000000011111111111000000111111111111000000111111111111000001111111111110000001111111111110000001111111111100000001111111111000000000111111110000000000111111100001100000111111100011000000011111100110000
000001111111111000000011111111111000000111011111110000001111011111110000011101101111100000011111001111000000011111001110000000001111001100000111000111011100001100000111111100111000000011111111110000000011111111110000
000011111111111000000011111111111000000011111111111000000111111111110000000111111111110000000111111111100000000111111111000000000111111111000000000011111111110000000011111111100000000001111111100000000001111111110000
001110000111101110001111000111001110001111111110001110000111111110001100000111111101111000000111111101111000000011111111110000000111111111100000000111111110000000000111111110000000001111111100000000001111111100000011
000011111111111000000011111111111000000011111111110000000111111111111000000111111111111000001111111111110000000111111111110000000011111111100000000011111110000000000011111100000000000011111000111000000011111100111000
000001111111100000000011111111100000000011111111000000000111111110000000001111111100000000001111111000000000001111111000000001001111111000000011001111111000001110000111111000111100000011111111111000000001111111110000
000011111111111100000111111111111100001111111111111100001011111111111000000011111111110000000011111111110000000011111111100000000011111111000000000011111111110000000011111111110000000011111111110000000000011111111000
000111111111011100000111111111111000000110111111111000001111111111110000001111111111100000001111111111000000001111111110000000001111111100000000001111111000000010001111111000001110001111111000011100000111111000111100
000111111100000011000111111111000110001111111111111000000111111111111000000111111111110000000111111111000000000111111110000000000011111000000000000001111000000010000001111100011100000000011100011100010000000111111100
000000111111111100000001111111111100000001111111111100000000011111111110000000000111111110000000000001111110000000000000111110000100000000111110000011110000111110000011110000111100000011111000000000000011111110000000
000001000111110000000000111111110000000001111111110000000000111111111000000000001111111000000000000011111100000000000000111100000000000000111100000100000000111110000111100011111110000011111100111110000001111000011100
000001111111111000000001111111111000000000111111111100000000001111111100000000000011111110000000000000111110000000000000011110000111110000011110000011111110011110000001111100000000000000111100000000000001111111000000
000000001111111100000000111111111110000001111111111110000011111111111110000000111111111110000000001111111110000000000011111100000000000000111100000111110000011110000011110000011110000011110000000111000111111000000000
011100000111111000000110011111110000000001111111111000000001111111111000000011111111111100000111100000111110001111000000001111001110000000011111011111000000011111011111100000001111010111110000000111000111111000000011
000000001111111110000000011111111110000011111111111111000000111111111111000000000111111110000000000011111100000000000000111100000010000000111100000111111000111110000011110000000000000011110000000000000111111000000000
000111000011111000000011001111111100000000111111111110000001111111111110000000111111111110000000011111111110000000001111111110000000000011111110000000000001111110000011111000111110000011110000011110000001110000001100
000000001111100000000000111111110000000001111111110000000011111111111000000001111111111100000000111110011100000000011100001110000000111110011110000001111111110000000011111111100000000001111111110000000000111111110000
000000001111110000000000111111111000000001111111111000000001111111111100000001001111111110000001111101111110000001110000011110000011110000001111000111111000001111000111111110000100000011111110000000000001111110000000
000000111111110000000001111111111000000011101111111100000011100011111110000011100011111110000001110111001111000001111110000111000000111100000111000000111110000110000001111111000000000000111111000000000000111111100000
000001111111110000000001111111011000000001111111101100000000111110111110000000111111111111000000001111111111000000000111111110000001111111111100000000011101111100000000111111111100000011111111111000000001111111111000
000111100000111100000111110000011100000001111100111100000000011111111000000000001111110000011000000111100001011000000111100001011100000111100001011000000111100001011000000111100001011000011111110010001000110000111110
000011111111100000000000111111000000000000011111000000000000011110000000000000111111101111000000001000111111010000000000111111000000011000111111000000011101111110000000001111111100000000000111111000000001111111111000
000001111111111000000001111111100000000000011111010000000000011100011100000001111110001110000011110011001111011000010011101111000000000011111111000000000111101110000000001110001100000000011111111100000001111111110000
000011111111100000000100011111010000000000001111001000000000001111100110000000001101111111010000000000111111011000001101111010001100111111110000000111111111000000000010001110000000000001111111000000000001111111110000
000011111111110000000001111111100000000000111111000000000000001111110000000000001011111100000000000001111110010000000001111110001000010011111110000000111111011100000000011110000000000001111111000000000011111111100000
000001111111111100000001111110001110000001111000000111000001110000011111000011111000001111000001011000101111000000001101111111000000001111011110000001111100111100000000011101111000000001111111111000000011111111110000
000011111011110000000001111111100000010000111111000000011000011110000000011010011110000000011111111111000000001100111110000011000110011110000110000110111111001100000011111011111100000011110011111100000011111111111100
000111111101100000000011111111000000000011111111000000000001111111110000000000111111111000000000011111111100010000011111111100000000011111001110000011111100000111000001111000001111000011111000001111000011111110011110
001111110001111000000111110011111100000011111111100000000001111111000000000000011100000000011100111110000001011000100110000001011111100111000011000000111111000001000000011110000011000000011110000011000001111011110010
001000001111111100001000111111011110000111111110001111000111111110000111000011111111001111000001111111111110000000011111111110000000011111111100000000011111011100000001111100011110000001111000001110000011111100000110
001000001111111000000000111111111100000111111111111110000111111001101110000111111100011110000011111111111110000001111111001110000001111100011110000001111100011100000011111100011100000011111100001100000011111100001110
011000000011110000001000000111111000000100011111111000000011111111111100000011111111111110000000111111101110000000011111000110000000001110001111000000001110001111000111111100000111000111111100000011000011111000000011
000111000011111000000111101111111000000011111111111100000001111111111110000001111111101110000000111111111110000000011100011110000000011100011110000000011100011110000011111100111110000011110001111110000011110000011110
000000000111111100001000011111111110000111111000111110000111110000111111000011110000111111000001110000111111000001110001111110000000111111111110000001111011001110000011110110011110000011111100001111000111111000000011
000001111111111000000001111111111100000001111111111110000000111111111110000000011111111111000000001111111110000000001111111110000000000111111110000011101111111100000011111110111100000001111100111100000011111110111000
000001111111111000000001111111110100000001111111100010000001111111110011000000111111110001000000011111100011000000001111101111000000000111011110000001000111111100000011111111111000000001111111111000000000111111110000
000011111111111000000011111111111100000011111111111100000011111111111100000011111111110000000001111111000010000001111110000011000001111100000111000111111100001110000111111000011100000011111100011100000011111110111100
000100111111111110000101111111001111000111111110000111000111111110000111000011111110101111000011111111111110000001111111111110000000111111111100000000111100111000000001111100111000000011111111111000000011111111001100
000001111111111000000001111111111110000001111111110110000000111111111111000000111111111111000000011111111111000000001111110110000000001111111110000011111111111000000001111100111000000000111101110000000001111111110000
